0.789478260591	547.089371499660
1.334541667236	545.063406645000
1.879062500256	544.520833020000
2.432440000446	553.377500190000
2.995263635930	562.823635484000
3.576796296611	581.532660681000
4.160295454478	583.499157867000
4.760326086151	600.030631673000
5.348789473003	588.463386852000
5.927067567520	578.278094517000
6.485134615360	558.067047840000
7.030230769279	545.096153919000
7.572738095089	542.507325810000
8.111409089826	538.670994736999
8.644850000246	533.440910420001
9.173848836430	528.998836184000
9.697814814995	523.965978565000
10.225598359986	527.783544990999
10.747557693035	521.959333049001
11.266138297902	518.580604866999
11.784686047256	518.547749354001
12.304457447550	519.771400293999
12.816410714202	511.953266652000
13.325687499829	509.276785627000
13.834673913849	508.986414020001
14.343758064107	509.084150257999
14.858500000000	514.741935892999
15.384703703996	526.203703996000
15.912303921367	527.600217371001
16.440425926151	528.122004784001
16.968877358677	528.451432525998
17.503569766875	534.692408198001
18.043597560781	540.027793905999
18.566400000655	522.802439874003
19.090657894616	524.257893961000
19.613833333333	523.175438717001
20.136730769619	522.897436285998
20.663936363918	527.205594299002
21.182544443635	518.608079716998
21.701271427876	518.726984241002
22.220166667013	518.895239136999
22.742903845960	522.737178947001
23.264303279164	521.399433203999
23.779394736933	515.091457769000
24.291047618936	511.652882002998
24.806500000000	515.452381064001
25.321670732292	515.170732291999
25.841043478106	519.372745814000
26.364888059745	523.844581639000
26.890435483053	525.547423308001
27.415932835879	525.497352826001
27.944234375288	528.301539409000
28.478386363603	534.151988314999
29.013578946869	535.192583265999
29.541320513467	527.741566597999
30.069919354702	528.598841235002
30.606500000000	536.580645297999
31.142571428014	536.071428014001
31.677785714063	535.214286048998
32.208009803418	530.224089355002
32.723813725667	515.803922248999
33.251801887189	527.988161522003
33.782047619642	530.245732452997
34.313500000000	531.452380357997
34.845458332764	531.958332763999
35.383131579038	537.673246274004
35.914244185586	531.112606548000
36.435266666630	521.022481044000
36.953826086368	518.559419737997
37.463120689460	509.294603092002
37.969710526013	506.589836553005
38.475405660331	505.695134317996
38.983725000942	508.319340611003
39.494471428197	510.746427255000
40.010333332813	515.861904615996
40.520227272727	509.893939914001
41.030740000524	510.512727797000
41.547805084708	517.065084184004
42.068780000105	520.974915396998
42.598195652112	529.415652006996
43.121460000734	523.264348622000
43.643925926241	522.465925507007
44.169666666464	525.740740223000
44.697548387711	527.881721246999
45.229218750064	531.670362352997
45.752881818420	523.663068356001
46.274916666894	522.034848474000
46.793424527369	518.507860474998
47.313067567520	519.643040151003
47.831692307838	518.624740317996
48.348034884146	516.342576308006
48.865500000000	517.465115853994
49.384976190179	519.476190179006
49.906107142481	521.130952301995
50.431543477518	525.436335037000
50.958583334395	527.039856877003
51.489275861543	530.692527147998
52.034448718854	545.172857311002
52.570650000328	536.201281474000
53.103441175790	532.791175462002
53.640625000341	537.183824550993
54.179333333536	538.708333195004
54.712259258765	532.925925229001
55.245912698182	533.653439417002
55.774942307523	529.029609340995
56.306312500171	531.370192648005
56.839593750224	533.281250052994
57.363289473321	523.695723096999
57.887764705599	524.475232278000
58.413617647286	525.852941687006
58.934928571046	521.310923759998
59.457693548080	522.764977034001
59.980616279141	522.922731061001
60.504904762276	524.288483134995
61.028952830165	524.048067888998
61.558663265033	529.710434868001
62.084256756852	525.593491819002
62.608007936624	523.751179771999
63.132377551730	524.369615106003
63.659928571206	527.551019476000
64.189187500256	529.258929049995
64.715040000524	525.852500268002
65.246872549146	531.832548622006
65.781398305725	534.525756579001
66.331944444444	550.546138719000
66.870636363975	538.691919530990
67.406518518766	535.882154791011
67.943655554908	537.137036141999
68.481754901709	538.099346800990
69.020521738046	538.766836337004
69.555080645298	534.558907252006
70.084760869379	529.680224080991
70.613517241613	528.756372234000
71.146862068634	533.344827020997
71.684416667273	537.554598639005
72.218055555353	533.638888080006
72.756236841924	538.181286570989
73.293245098291	537.008256367002
73.832322222546	539.077124255002
74.365441176924	533.118954377997
74.902615384955	537.174208031004
75.432239130621	529.623745666001
75.961414284591	529.175153970002
76.502386363603	540.972079011993
77.033368420962	530.982057359012
77.553772727598	520.404306635996
78.076333333151	522.560605552997
78.603327585934	526.994252782998
79.132789473730	529.461887796003
79.667770270079	534.980796349004
80.207590909091	539.820639011992
80.740144444153	532.553535062007
81.267147059164	527.002615011000
81.794361110909	527.214051744991
82.318305554898	523.944443989009
82.833364864721	515.059309823002
83.339732558281	506.367693559994
83.843686046299	503.953488017999
84.356649999945	512.963953646008
84.873919354702	517.269354756991
85.398989795782	525.070441080004
85.931867346502	532.877550720002
86.466023809078	534.156462575993
87.006617646303	540.593837225003
87.546500000000	539.882353696996
88.078000000000	531.500000000008
88.609695652112	531.695652111992
89.146127907402	536.432255290009
89.674348485571	528.220578168998
90.198124999854	523.776514283000
90.722166666667	524.041666812991
91.242811475463	520.644808796007
91.766500000000	523.688524536993
92.295978260560	529.478260560012
92.820414893825	524.436633264997
93.342839623131	522.424729305996
93.866474999672	523.635376540994
94.395734042702	529.259043030009
94.914613207710	518.879165008002
95.435158536468	520.545328757990
95.956743901542	521.585365074003
96.477000000000	520.256098458006
96.997946153645	520.946153644999
97.519258620807	521.312467161991
98.041323529487	522.064908680008
98.563859999948	522.536470460992
99.089235294401	525.375294453013
99.613273585256	524.038290854989
100.137159090808	523.885505552002
100.663100000000	525.940909192002
101.185923077214	522.823077213999
101.708534483226	522.611406012004
102.229207316527	520.672833300992
102.750149999754	520.942683227005
103.269421568804	519.271569050005
103.776758064107	507.336495302994
104.279364864721	502.606800614004
104.780409090801	501.044226079998
105.286318181602	505.909090800998
105.795617646832	509.299465230001
106.311648935666	516.031288834000
106.835386792150	523.737856484004
107.361727272795	526.340480644990
107.880346154040	518.618881245004
108.391820754974	511.474600934008
108.901844262101	510.023507126988
109.407166666320	505.322404219001
109.907844262436	500.677596116006
110.408908163374	501.063900937993
110.909722221818	500.814058444007
111.414250000000	504.527778181995
111.925300000000	511.049999999997
112.443600001311	518.300001311005
112.948310810236	504.710808924997
113.456933332933	508.622522697010
113.963176056468	506.242723534996
114.470812500171	507.636443702992
114.976585713697	505.773213526012
115.477196970840	500.611257142992
115.980581633636	503.384662796009
116.483227272727	502.645639091000
116.987886363433	504.659090705999
117.494745282949	506.858919515992
118.007517544102	512.772261153003
118.518258620807	510.741076705003
119.028862069355	510.603448547997
119.544012820685	515.150751329998
120.059757142964	515.744322279005
120.579452381299	519.695238335004
121.095009434102	515.557052802990
121.610414284751	515.404850649006
122.123753731635	513.339446884004
122.636378787939	512.625056303989
123.155567796403	519.189008464011
123.668189655484	512.621859080994
124.185008772051	516.819116567007
124.699652542185	514.643770134001
125.216531746461	516.879204275995
125.725906249680	509.374503218993
126.229791666553	503.885416873004
126.738992307584	509.200641031001
127.246303921619	507.311614035004
127.762570175257	516.266253637994
128.282597560781	520.027385524003
128.809899999345	527.302438563993
129.327939394090	518.039394745017
129.845078125096	517.138731005986
130.361556337885	516.478212788996
130.875333333030	513.776995145008
131.390107842734	514.774509704012
131.909673912672	519.566069937980
132.425809523475	516.135610803019
132.941527778132	515.718254657003
133.458038461280	516.510683147999
133.975277777508	517.239316228000
134.481559999554	506.282222045996
134.991439393217	509.879393662999
135.502229729921	510.790336703991
136.011722222546	509.492492625014
136.529027777222	517.305554676000
137.045139999685	516.112222462993
137.559136363636	513.996363950980
138.069788460860	510.652097224011
138.584000000000	514.211539140007
139.093096774569	509.096774569002
139.598551724781	505.454950211998
140.108236841924	509.685117142993
140.613652174440	505.415332516009
141.123588234727	509.936060287004
141.627357142284	503.768907557003
142.130602563801	503.245421516993
142.637816666794	507.214102993004
143.144095237724	506.278570929993
143.647607143066	503.511905342009
144.144428571874	496.821428807976
144.655569766981	511.141195107001
145.165521739409	509.951972428013
145.688066038016	522.544298606988
146.213026316153	524.960278137002
146.737129032054	524.102715901023
147.259078947308	521.949915253998
147.771287233865	512.208286556984
148.281659091315	510.371857449996
148.787073770527	505.414679212009
149.294805555808	507.731785281010
149.801658730225	506.853174416989
150.307329267708	505.670537483013
150.813311320661	505.982052952987
151.309300000000	495.988679339007
151.813462962469	504.162962468996
152.314865853542	501.402891072985
152.817833333333	502.967479791010
153.323354166041	505.520832708015
153.829590909091	506.236743049982
154.334400000000	504.809090908992
154.834554053934	500.154053934011
155.339428570537	504.874516602996
155.846689654568	507.261084031001
156.360261904539	513.572249970991
156.875421567720	515.159663181009
157.391500000000	516.078432280011
157.913025424068	521.525424067988
158.429980768940	516.955344872002
158.945256097249	515.275328309002
159.462279661168	517.023563918997
159.980327586129	518.047924960996
160.505303571240	524.975985111013
161.022632075868	517.328504627983
161.539289474229	516.657398361019
162.052034883437	512.745409207980
162.564442856394	512.407972957021
163.080833333940	516.390477545997
163.598724137834	517.890803894005
164.122540816818	523.816678983991
164.638839285401	516.298468582988
165.155685185230	516.845899829008
165.679500000000	523.814814769992
166.205182539550	525.682539550019
166.735541667236	530.359127685983
167.269300000749	533.758333513020
167.799616279141	530.316278391979
168.337481131819	537.864852678013
168.869469696548	531.988564729005
169.400812500384	531.342803835997
169.931300000202	530.487499817980
170.458769230721	527.469230519017
170.992394736661	533.625505939995
171.513359999476	520.965262814997
172.033650000328	520.290000852015
172.550378048625	516.728048296983
173.064828124920	514.450076295020
173.581854166524	517.026041603998
174.089875000000	508.020833475996
174.598409091180	508.534091179996
175.105987804722	507.578713541989
175.613675438718	507.687633995999
176.129155737564	515.480298846001
176.645147058975	515.991321411008
177.161127907012	515.980848037003
177.679310345432	518.182438419984
178.202785714477	523.475369045002
178.721000000000	518.214285523015
179.237093750320	516.093750320010
179.753560000786	516.466250465982
180.267809090562	514.249089776001
180.784462263638	516.653173076008
181.298695121561	514.232857922991
