64.8919000	2952720.92	-0.0299512	24.1868000	122079.8499883	-0.0940305	-0.0906012
68.6396000	2780989.31	0.0220316	22.9089000	121393.4020258	-0.1107692	-0.1071512
60.0620000	2906289.27	0.0106665	23.7969000	122128.9021711	-0.1205600	-0.1174283
60.6695000	2968957.40	-0.0021309	24.4249000	121554.5366584	-0.1186850	-0.1164405
62.3520000	2956331.26	-0.0107851	24.5497000	120422.2969108	-0.1011780	-0.0999256
59.4212000	2893242.82	-0.0167938	22.5506000	128300.0373353	-0.0659813	-0.0655916
60.7043000	2797670.99	-0.0157821	21.7038000	128902.3577530	-0.0139135	-0.0141329
62.3219000	2710736.91	0.0351078	21.9802000	123326.3078447	0.0508711	0.0503071
61.9852000	2907998.59	-0.0230553	23.1274000	125738.2406454	0.1211680	0.1204550
62.1241000	2776930.65	-0.0040998	21.9994000	126227.5630507	0.1878163	0.1870515
65.3424000	2754254.12	0.0033897	21.3588000	128951.7256320	0.2414326	0.2406311
63.7558000	2772989.82	0.1768519	22.0885000	125539.9788340	0.2744064	0.2735428
80.4114000	3964533.85	0.0914992	31.4805000	125936.1780637	0.2826537	0.2817088
95.7509000	4763106.00	0.0103043	37.4614000	127147.0366476	0.2666392	0.2656271
99.3587000	4862289.43	0.0080925	35.7741000	135916.4711735	0.2313379	0.2303106
95.7755000	4941627.60	-0.0063874	35.3358000	139847.6220310	0.1850817	0.1841126
101.0370000	4878899.80	0.0620100	37.7399000	129276.9668521	0.1375396	0.1366993
113.2900000	5523982.31	-0.0026792	42.7791000	129128.0627562	0.0973330	0.0966682
103.5209000	5494461.90	-0.0101625	45.1464000	121703.2121129	0.0698969	0.0694213
93.1021000	5383910.05	-0.0913012	41.8059000	128783.4981977	0.0561425	0.0558454
70.1884000	4483045.61	-0.0753661	38.8906000	115273.2436969	0.0522697	0.0521358
35.5629000	3854664.61	0.1056014	48.5840000	79340.2068399	0.0507778	0.0508096
25.1052000	4764902.66	0.1215612	63.7280000	74769.3738663	0.0424179	0.0426527
31.5942000	6083668.15	-0.0069331	72.7715000	83599.5980531	0.0186074	0.0191215
41.5811000	5999891.18	-0.0548198	71.6744000	83710.3788313	-0.0262628	-0.0253658
38.9889000	5376253.21	0.0042758	68.7633000	78184.9214124	-0.0931476	-0.0917605
45.4893000	5422426.53	0.0011957	67.1779000	80717.4163969	-0.1776388	-0.1756816
48.1647000	5435409.49	-0.0023477	67.4418000	80594.0750460	-0.2703546	-0.2678038
61.0633000	5409947.76	-0.0872735	62.5694000	86463.1554556	-0.3583180	-0.3552262
81.2271000	4541454.48	0.0785847	48.5412000	93558.7600470	-0.4270486	-0.4235556
100.8644000	5316108.17	-0.1095065	43.8185000	121321.0896090	-0.4629853	-0.4593139
90.5854000	4266725.82	-0.1739315	32.0231000	133239.0001212	-0.4558422	-0.4522817
85.8352000	3002396.34	-0.0340966	23.3542000	128559.1603544	-0.4005414	-0.3974219
81.0524000	2804404.47	-0.0223982	21.9031000	128036.8746199	-0.2984428	-0.2961022
69.6653000	2681529.48	-0.0208726	21.1138000	127003.6411944	-0.1576869	-0.1564302
68.9655000	2571877.07	0.0368586	20.2506000	127002.5121097	0.0074394	0.0073853
77.1309000	2768724.20	-0.0109332	21.8794000	126544.7955922	0.1780978	0.1766273
64.1366000	2708837.15	-0.0035510	21.6075000	125365.5974235	0.3333238	0.3304880
63.3790000	2689667.03	-0.0051598	21.1116000	127402.3301886	0.4530086	0.4490332
63.4920000	2662053.14	-0.0372423	20.3531000	130793.4979936	0.5210252	0.5163015
81.6060000	2470890.38	0.2065997	24.4758000	100952.3847982	0.5279685	0.5230111
115.5365000	3757719.18	0.1975533	39.8874000	94208.1755739	0.4729526	0.4683268
136.1369000	5607935.21	-0.0613499	52.6192000	106575.8356345	0.3640149	0.3602472
134.7946000	4959616.75	-0.0144911	50.8326000	97567.6387656	0.2169248	0.2144135
130.2119000	4817929.24	0.0813871	52.9409000	91005.8052603	0.0525418	0.0514905
135.4752000	5671645.49	-0.0252341	52.6061000	107813.4568444	-0.1067722	-0.1063842
110.5903000	5392452.59	-0.1982203	41.1882000	130922.2688306	-0.2409301	-0.2393293
74.4648000	3608317.46	-0.1299296	28.8927000	124886.8213182	-0.3352737	-0.3328354
63.4397000	2778483.22	-0.0015186	22.6692000	122566.4432689	-0.3824601	-0.3796263
62.5540000	2770057.37	0.0133602	22.8753000	121093.8162232	-0.3827757	-0.3799686
68.1922000	2845076.44	0.0110707	23.2989000	122112.0500171	-0.3429853	-0.3405383
84.6345000	2908775.50	-0.0219925	23.3577000	124531.7605802	-0.2741684	-0.2722859
74.8710000	2783586.01	-0.0391514	22.6072000	123128.2959906	-0.1891737	-0.1879247
64.2076000	2573835.46	-0.0067182	20.6845000	124433.0519072	-0.1002989	-0.0996397
63.3801000	2539483.17	0.0317149	20.6831000	122780.5874069	-0.0176257	-0.0174376
64.3626000	2705837.82	-0.0224800	22.0177000	122893.7546623	0.0518224	0.0516905
62.3391000	2586858.05	0.0019185	20.9528000	123461.2103396	0.1041672	0.1038602
63.6455000	2596803.01	-0.0026229	21.3512000	121623.2816151	0.1382269	0.1378593
69.2914000	2583216.10	-0.0087936	20.8410000	123948.7595828	0.1547941	0.1544405
76.3608000	2538180.59	0.0427154	20.1396000	126029.3446726	0.1558620	0.1555570
84.5542000	2764694.83	0.0429734	21.9198000	126127.7396522	0.1439494	0.1436964
89.5481000	3012981.01	0.0216465	24.4896000	123031.0419622	0.1216050	0.1213901
81.3834000	3146308.31	-0.0268857	26.1361000	120381.7063144	0.0911285	0.0909327
67.1217000	2981556.36	-0.0520960	24.7013000	120704.4310597	0.0545232	0.0543339
62.8802000	2686284.41	0.0174297	22.0213000	121985.7325487	0.0136660	0.0134854
71.2193000	2781587.80	0.0039555	22.1455000	125605.1025817	-0.0293619	-0.0295131
70.3424000	2803680.25	-0.0023040	22.8332000	122789.6331169	-0.0718948	-0.0719781
86.3513000	2790790.81	0.0924063	23.3453000	119544.0113232	-0.1104166	-0.1103821
96.8989000	3359077.44	-0.0376882	27.0397000	124227.6148050	-0.1405755	-0.1403752
72.5060000	3115078.45	-0.0272338	25.6475000	121457.3915325	-0.1575896	-0.1571941
59.6384000	2949905.90	-0.0201096	24.0902000	122452.5282161	-0.1570430	-0.1564606
63.2859000	2833601.59	-0.0170041	22.3230000	126936.4150110	-0.1359245	-0.1352188
61.4498000	2738846.96	-0.0208151	21.6046000	126771.4728690	-0.0936403	-0.0929381
58.2504000	2627153.08	0.0188652	20.3039000	129391.5491791	-0.0326883	-0.0321734
57.0831000	2728182.50	-0.0090334	21.3456000	127810.0640201	0.0412621	0.0413729
56.0025000	2679334.16	-0.0137497	21.6039000	124020.8553470	0.1199981	0.1194939
59.0542000	2606653.41	0.0281107	21.3487000	122098.9294366	0.1940130	0.1927396
71.8534000	2757441.84	-0.0207683	23.6409000	116638.6150797	0.2541069	0.2520183
108.1085000	2645237.51	0.1547066	29.2868000	90321.8347616	0.2929624	0.2901557
120.9908000	3613506.21	0.1694621	43.4759000	83115.1560487	0.3063216	0.3030489
125.9866000	5088097.89	-0.0238706	51.8005000	98224.8799692	0.2935139	0.2901604
108.2866000	4850849.74	-0.1135941	38.6929000	125367.9549478	0.2572586	0.2542884
90.4118000	3861210.90	0.0036124	30.9127000	124906.9443265	0.2028626	0.2007385
110.2742000	3889208.21	0.0523893	30.3809000	128014.9111769	0.1370613	0.1361591
111.0970000	4319243.16	0.0321168	33.9721000	127140.8937242	0.0668008	0.0673336
113.7423000	4605889.92	0.0178162	39.1514000	117643.0451196	-0.0017874	0.0001838
108.4958000	4772985.92	0.0631115	42.3182000	112788.0183032	-0.0640642	-0.0608660
92.7579000	5416029.81	-0.0710320	43.6558000	124062.0905951	-0.1171721	-0.1131364
86.2146000	4697636.01	-0.2185479	35.4431000	132540.2127005	-0.1599793	-0.1556016
90.6225000	3012583.95	0.1222623	29.1109000	103486.4587969	-0.1927741	-0.1885652
97.0401000	3851844.87	0.1556208	38.8395000	99173.3897960	-0.2168061	-0.2132032
105.6131000	5271650.32	-0.1521539	41.1621000	128070.4899977	-0.2337544	-0.2310547
110.1166000	3879298.06	-0.0626975	29.1203000	133216.2806281	-0.2451920	-0.2435180
105.7633000	3421553.26	-0.0167574	26.5285000	128976.5069293	-0.2521012	-0.2514042
96.2185000	3308770.82	-0.0102782	25.8954000	127774.4627403	-0.2545090	-0.2546057
93.0743000	3241446.10	0.0125631	26.1386000	124009.9356760	-0.2513145	-0.2519437
96.8472000	3323927.53	0.0188896	26.8813000	123652.0382184	-0.2403836	-0.2412701
75.0893000	3451920.25	-0.0798543	27.6252000	124955.4846086	-0.2189533	-0.2198630
57.6783000	2941387.18	-0.0080152	24.0599000	122252.6767224	-0.1843280	-0.1851064
55.4143000	2894610.69	0.0062719	23.6094000	122604.1614304	-0.1347641	-0.1353524
54.5412000	2931149.09	-0.0103914	24.0764000	121743.6614163	-0.0703576	-0.0707856
57.1985000	2870857.92	-0.0305299	23.1390000	124070.0946407	0.0063066	0.0059439
54.3182000	2700757.17	-0.0001438	22.0008000	122757.2254903	0.0899702	0.0895455
55.6493000	2699980.30	0.0115858	22.0654000	122362.6265383	0.1731274	0.1725199
56.6145000	2763276.76	0.0346533	22.7875000	121262.8311233	0.2470575	0.2461853
53.3408000	2961664.74	0.0010237	23.6159000	125409.7764445	0.3032839	0.3021237
56.9230000	2967734.94	0.0655088	24.0840000	123224.3372995	0.3351412	0.3337371
79.4777000	3383817.20	0.1708891	28.9582000	116851.7793605	0.3390741	0.3375288
88.8538000	4778702.74	0.0207218	38.2884000	124808.1075347	0.3153372	0.3137902
85.5572000	4980940.49	0.0003379	40.0367000	124409.3665324	0.2679212	0.2665202
85.5801000	4984308.02	0.0079532	40.1966000	123998.2491447	0.2037364	0.2026077
83.3977000	5064226.08	0.0010901	40.8167000	124072.4036919	0.1312792	0.1305032
83.8219000	5075279.57	-0.0228081	41.1189000	123429.3613765	0.0591250	0.0587248
83.1502000	4848927.50	0.0099714	38.5722000	125710.4210168	-0.0054002	-0.0054581
78.9964000	4946602.87	0.0291523	40.1771000	123119.9582377	-0.0571073	-0.0569000
78.4666000	5243673.28	0.0159828	42.9740000	122019.6695707	-0.0932835	-0.0929105
83.7861000	5414013.42	-0.0221572	45.6142000	118691.4035377	-0.1135381	-0.1130993
85.3810000	5179295.17	-0.0180573	42.2732000	122519.5908826	-0.1193142	-0.1188897
85.8709000	4995565.16	0.0100340	40.8896000	122172.0230954	-0.1132633	-0.1129016
87.2060000	5096832.49	0.0131524	45.1850000	112799.2140151	-0.0986568	-0.0983724
83.8510000	5232690.01	-0.0153214	45.3107000	115484.6428522	-0.0789303	-0.0787082
84.1567000	5074765.82	-0.0149384	41.8079000	121382.9401133	-0.0573748	-0.0571809
85.4250000	4925379.63	-0.0091628	40.7454000	120881.8573256	-0.0369398	-0.0367340
85.1793000	4835938.41	0.0162872	39.7754000	121581.1383885	-0.0200894	-0.0198370
81.8785000	4996074.76	0.0184853	40.5389000	123241.4978772	-0.0086643	-0.0083444
76.8048000	5184260.99	0.0069535	42.2580000	122681.1724885	-0.0037398	-0.0033497
82.9648000	5256862.91	-0.0240680	42.1807000	124627.2088615	-0.0054982	-0.0050529
85.8393000	5009765.98	0.0207213	40.8333000	122688.2467113	-0.0131597	-0.0126889
83.8399000	5221777.16	-0.0457540	40.1127000	130177.6534437	-0.0250219	-0.0245638
83.7771000	4764849.03	0.0168260	36.5361000	130414.8234705	-0.0386450	-0.0382394
80.4418000	4927939.50	0.0412034	40.7513000	120927.1728194	-0.0511868	-0.0508687
80.6452000	5351486.79	-0.0202188	43.4857000	123063.1400052	-0.0598552	-0.0596497
80.3756000	5139374.38	-0.0013435	42.0352000	122263.5880695	-0.0624087	-0.0623272
76.0214000	5125583.46	-0.0685066	41.0468000	124871.6943341	-0.0576087	-0.0576488
83.5863000	4468336.87	-0.0394784	34.8541000	128201.1835533	-0.0455245	-0.0456710
85.8957000	4128930.27	0.0507348	32.9622000	125262.5816869	-0.0276066	-0.0278344
84.8907000	4570283.39	0.0317518	36.5566000	125019.3780036	-0.0064908	-0.0067698
84.1742000	4870030.25	-0.0190834	38.1562000	127634.0476586	0.0144530	0.0141545
83.8644000	4687637.26	0.0029989	36.9263000	126945.7611541	0.0317542	0.0314660
81.9845000	4715837.34	-0.0346824	36.1501000	130451.5711587	0.0425398	0.0422867
89.2738000	4399689.04	0.0280581	34.5794000	127234.3950195	0.0451476	0.0449486
91.4967000	4653710.24	0.0283204	37.6111000	123732.3619518	0.0395133	0.0393818
93.5790000	4924982.28	0.0249605	39.4759000	124759.2147156	0.0272255	0.0271686
91.2135000	5177136.02	-0.0080783	42.8364000	120858.3359016	0.0112072	0.0112262
86.4670000	5094161.18	-0.0023902	42.0144000	121247.9812211	-0.0049243	-0.0048341
86.0652000	5069866.78	-0.0010820	42.1819000	120190.5741744	-0.0176845	-0.0175342
83.5836000	5058907.55	-0.0364991	42.2867000	119633.5385447	-0.0245301	-0.0243355
83.4905000	4702620.79	0.0293483	39.7521000	118298.6757646	-0.0244363	-0.0242189
85.1666000	4986994.53	-0.0433061	38.4604000	129665.6959028	-0.0180815	-0.0178654
88.1673000	4572989.02	-0.0484012	34.7731000	131509.3858249	-0.0075766	-0.0073861
86.9266000	4150749.36	0.0651280	33.2177000	124955.9530266	0.0041794	0.0043226
81.4853000	4729074.75	0.0359013	38.2672000	123580.3704940	0.0143308	0.0144101
81.9184000	5081279.55	0.0315784	40.4104000	125741.8770747	0.0208331	0.0208395
82.5919000	5412661.56	-0.0124633	43.2404000	125176.0287905	0.0229321	0.0228654
80.5447000	5279402.68	0.0166804	42.9689000	122865.6697346	0.0212282	0.0210958
80.8572000	5458515.72	-0.0174802	44.0327000	123965.0468154	0.0173373	0.0171539
81.1315000	5270962.26	-0.0202427	42.0588000	125323.6483218	0.0132854	0.0130708
82.0716000	5061799.57	-0.0197913	40.2121000	125877.5236870	0.0108515	0.0106278
83.0833000	4865329.15	0.0248138	40.4719000	120214.9924926	0.0110666	0.0108554
84.3001000	5112927.12	0.0317260	43.6962000	117010.7954160	0.0140059	0.0138261
83.4253000	5447982.59	-0.0465508	46.1473000	118056.3671931	0.0189016	0.0187673
86.1884000	4963328.09	0.0575998	47.2554000	105031.9769854	0.0244939	0.0244132
87.5073000	5570048.45	0.0184625	50.7486000	109757.6770007	0.0294781	0.0294524
88.2894000	5779591.65	-0.0361518	51.3352000	112585.3537713	0.0328919	0.0329163
89.1318000	5376286.92	0.0045674	48.0375000	111918.5412090	0.0343308	0.0343958
91.2921000	5425623.59	0.0229115	48.3537000	112206.9994726	0.0339457	0.0340384
92.9464000	5680071.24	0.0162748	49.7543000	114162.4188733	0.0322553	0.0323614
92.6881000	5868014.46	-0.0195766	51.9554000	112943.3024622	0.0298575	0.0299637
90.8464000	5642674.11	0.0015252	50.8006000	111074.9500440	0.0271441	0.0272394
87.9086000	5659912.70	0.0060472	50.5853000	111888.4874579	0.0241094	0.0241875
90.3131000	5728782.70	-0.0061559	49.6560000	115369.3954990	0.0203122	0.0203727
90.2820000	5658682.50	-0.0222331	49.8290000	113562.0321244	0.0149998	0.0150484
87.5655000	5412535.13	0.0257782	48.0953000	112537.7142015	0.0073567	0.0074062
89.9403000	5698969.33	0.0224603	51.6611000	110314.5177215	-0.0031863	-0.0031171
93.8376000	5960852.47	-0.0115015	54.2921000	109792.2620610	-0.0166660	-0.0165566
97.7529000	5825294.15	-0.0180128	51.3509000	113440.9358423	-0.0324044	-0.0322354
100.6678000	5619147.27	-0.0073215	48.4425000	115996.2278027	-0.0489822	-0.0487417
105.3874000	5537463.92	-0.0058022	48.6495000	113823.6552873	-0.0643950	-0.0640840
106.1419000	5473576.01	0.0038666	47.8731000	114335.1070520	-0.0763733	-0.0760101
110.4503000	5516068.09	-0.0208886	48.5537000	113607.5744442	-0.0828111	-0.0824322
113.4582000	5290337.03	-0.0279716	44.6551000	118471.0598895	-0.0822129	-0.0818705
116.8155000	5002431.82	0.0254655	42.4786000	117763.5754906	-0.0740588	-0.0738117
118.2357000	5263868.05	-0.0143342	43.8496000	120043.6959053	-0.0589831	-0.0588868
114.7550000	5115093.95	-0.0564005	41.8962000	122089.6870841	-0.0387102	-0.0388037
105.6906000	4568911.03	-0.0564146	34.8395000	131141.6933540	-0.0157391	-0.0160332
140.3803000	4080933.22	0.0810318	37.6633000	108353.0445580	0.0071554	0.0066828
170.1109000	4800621.94	0.0327614	44.9849000	106716.2968591	0.0274786	0.0268824
200.0640000	5125826.27	0.0136973	47.8297000	107168.2713329	0.0434779	0.0428364
188.0912000	5268196.70	-0.0773135	46.6689000	112884.5270308	0.0543737	0.0537740
120.0122000	4512051.45	-0.0234332	43.0877000	104717.8534516	0.0602979	0.0598182
91.9234000	4305429.57	0.1352441	43.7603000	98386.6556211	0.0619660	0.0616601
83.2810000	5652131.18	-0.0148655	44.8578000	126001.0785692	0.0602013	0.0600882
93.9625000	5486548.74	-0.0968745	40.6150000	135086.7594713	0.0554814	0.0555424
99.8167000	4517419.56	-0.0509779	33.8413000	133488.3578129	0.0476700	0.0478549
107.6622000	4079182.53	0.0596415	32.4552000	125686.5628496	0.0360392	0.0362763
106.5349000	4596620.62	-0.0308314	34.1790000	134486.6911970	0.0195890	0.0198033
105.7638000	4321657.94	0.1172602	39.0349000	110712.6685185	-0.0024222	-0.0022955
96.6725000	5469807.28	0.0318898	47.8787000	114243.0200371	-0.0298937	-0.0298959
101.2224000	5830160.98	-0.1125694	43.3262000	134564.3278041	-0.0614135	-0.0615556
107.4037000	4650373.42	-0.0545823	34.4156000	135123.9965354	-0.0940613	-0.0943228
97.9519000	4168992.22	-0.0055439	31.5812000	132008.6703295	-0.1235735	-0.1239074
94.4348000	4123022.27	0.0292801	31.7556000	129836.0689793	-0.1448874	-0.1452303
103.8747000	4371750.49	0.0657602	35.7360000	122334.6341583	-0.1530024	-0.1532886
100.4606000	4987196.54	-0.0603588	37.6860000	132335.5234862	-0.1440145	-0.1441903
95.6307000	4419423.94	-0.0305800	33.3187000	132640.9475869	-0.1161190	-0.1161544
90.7215000	4157152.43	-0.0072743	31.7510000	130929.8111468	-0.0703489	-0.0702450
95.3638000	4097108.68	-0.1183561	33.8304000	121107.3083416	-0.0108332	-0.0106237
92.1489000	3229911.26	-0.0049900	36.5687000	88324.4758605	0.0555561	0.0558131
79.9181000	3197837.06	0.0970357	41.4739000	77104.8070221	0.1201724	0.1204074
78.6717000	3885138.43	0.0502143	48.6417000	79872.5872488	0.1740291	0.1741771
82.8232000	4295945.89	0.0329868	52.3638000	82040.3769919	0.2094201	0.2094370
83.9953000	4589032.94	0.0130701	55.0823000	83312.2969783	0.2213846	0.2212589
80.2794000	4710579.97	0.0320421	53.9661000	87287.7598120	0.2086887	0.2084441
79.6069000	5022446.85	0.0204261	53.8898000	93198.4689356	0.1741059	0.1737966
79.7000000	5231903.48	-0.0102535	51.6403000	101314.3510765	0.1239237	0.1236228
77.9620000	5125701.94	-0.0029947	50.0472000	102417.3568743	0.0667710	0.0665532
80.0092000	5095093.33	0.0075389	48.2005000	105706.2339194	0.0119928	0.0119189
83.0526000	5172499.47	-0.0044227	46.4222000	111422.9716284	-0.0321091	-0.0320040
81.8437000	5126947.83	0.0631622	45.2003000	113427.2965058	-0.0598230	-0.0595351
84.8977000	5818271.78	-0.1299164	43.2720000	134458.1203293	-0.0690532	-0.0686063
84.9314000	4480316.34	-0.0638329	36.5062000	122727.5460750	-0.0616078	-0.0610469
85.7127000	3942653.94	0.0240506	38.5396000	102301.3716568	-0.0426729	-0.0420517
85.2826000	4136974.04	0.0217833	47.7008000	86727.5609781	-0.0195634	-0.0189335
82.3653000	4321221.07	0.0274045	52.9105000	81670.3881140	-0.0000190	0.0005771
88.2052000	4564736.10	0.0149057	53.3808000	85512.6956424	0.0095718	0.0101041
94.6348000	4702875.90	-0.0470228	51.6942000	90974.9236720	0.0055990	0.0060483
93.8311000	4280454.67	0.0412706	48.4464000	88354.4426823	-0.0120392	-0.0116850
90.9525000	4648977.62	0.0824334	49.8581000	93244.1794652	-0.0400744	-0.0398244
83.9888000	5484298.22	-0.0560635	49.9364000	109825.6627430	-0.0728158	-0.0726787
82.3276000	4902005.24	-0.0753882	40.8639000	119959.3098021	-0.1036326	-0.1036162
75.3903000	4214712.28	-0.0860094	33.5870000	125486.4167228	-0.1265605	-0.1266697
72.0717000	3547121.43	-0.0094632	29.9603000	118394.0556713	-0.1376076	-0.1378409
68.7663000	3480616.80	-0.0186863	29.1494000	119406.1217130	-0.1354494	-0.1357943
80.0316000	3352923.21	0.0146397	28.0981000	119329.1790868	-0.1213899	-0.1218224
74.8202000	3452553.42	0.0391708	28.9315000	119335.4447751	-0.0986887	-0.0991747
69.6688000	3734058.51	-0.0595740	30.7990000	121239.6021886	-0.0715070	-0.0720050
71.4228000	3314167.34	-0.0033629	27.5172000	120439.8463188	-0.0438000	-0.0442671
72.3601000	3291951.70	0.0201754	27.5936000	119301.2762851	-0.0184508	-0.0188480
73.7579000	3427519.57	-0.0216813	28.8519000	118797.0139183	0.0031674	0.0028694
73.1317000	3282047.20	0.0017846	28.0596000	116966.9989309	0.0211547	0.0209709
75.1507000	3293782.74	-0.0182299	27.4103000	120165.8769766	0.0366570	0.0365867
77.0572000	3175842.38	0.0372066	26.9542000	117823.6556910	0.0512169	0.0512449
75.0225000	3421299.78	0.0408760	29.2166000	117101.2293287	0.0661003	0.0661999
66.7256000	3712918.14	-0.1078306	28.7554000	129120.7265882	0.0817744	0.0819124
65.3464000	2990125.07	0.0180673	24.1301000	123916.8121657	0.0976541	0.0977977
67.2268000	3100159.87	0.0409706	26.2378000	118156.2427260	0.1121562	0.1122793
69.3600000	3365043.28	0.0125977	28.4188000	118409.0559246	0.1230299	0.1231178
67.0766000	3450908.76	0.0161981	29.5854000	116642.2884284	0.1278660	0.1279172
68.4049000	3564546.12	0.0279500	30.3648000	117390.7327060	0.1246556	0.1246821
81.4531000	3769533.98	-0.0061361	31.3099000	120394.3154620	0.1122727	0.1122954
82.1391000	3723555.82	-0.0065082	30.8141000	120839.3501260	0.0907730	0.0908165
72.7846000	3675401.90	0.0003293	31.5595000	116459.4464915	0.0614570	0.0615431
68.9892000	3677823.35	0.0303171	32.4850000	113216.0490543	0.0267001	0.0268424
69.7186000	3907797.04	0.0263851	34.4638000	113388.4552410	-0.0103933	-0.0101937
71.4617000	4119600.58	-0.0271074	36.6064000	112537.7142015	-0.0464274	-0.0461829
67.2277000	3902152.07	-0.0220640	33.4990000	116485.6285856	-0.0781476	-0.0778823
65.9679000	3733675.50	-0.0908495	30.5965000	122029.4969700	-0.1028029	-0.1025480
66.2597000	3111770.03	0.0401938	26.5092000	117384.5317707	-0.1184010	-0.1181902
64.0807000	3372393.05	0.0240140	28.8201000	117015.3137941	-0.1238617	-0.1237239
62.5726000	3538347.28	0.0089898	29.5872000	119590.4743795	-0.1190861	-0.1190403
61.6781000	3602542.21	-0.0317000	29.3395000	122788.1254060	-0.1049639	-0.1050162
64.3944000	3381159.15	-0.0520519	27.0441000	125023.9108229	-0.0833164	-0.0834592
67.9571000	3046582.69	-0.0107701	23.7107000	128489.7824925	-0.0567529	-0.0569663
68.6443000	2981658.04	0.0016835	23.1891000	128580.1536533	-0.0284114	-0.0286676
66.0154000	2991714.10	0.0030024	23.8264000	125562.9930702	-0.0015744	-0.0018426
64.4648000	3009732.74	0.0034277	24.1020000	124874.8130000	0.0208058	0.0205541
64.4332000	3030436.45	0.0050413	24.5719000	123329.3497953	0.0365895	0.0363755
64.4014000	3061145.68	0.0384874	25.1287000	121818.7045312	0.0448264	0.0446617
69.5246000	3306208.47	0.0045588	26.5595000	124483.0839937	0.0459204	0.0458054
68.8926000	3336491.02	-0.0291080	27.5427000	121138.8505619	0.0415197	0.0414449
66.6026000	3147747.77	0.0382121	26.5120000	118729.1704512	0.0341437	0.0340926
70.1827000	3397869.51	-0.0209978	27.0045000	125826.0480052	0.0266250	0.0265772
72.3225000	3258108.60	-0.0453645	26.0332000	125152.0597526	0.0214926	0.0214280
72.6082000	2975331.80	0.0009622	24.2386000	122751.8007689	0.0204322	0.0203352
66.4660000	2981062.86	0.0305645	25.3523000	117585.4993562	0.0239296	0.0237929
64.1938000	3169037.85	0.0204511	26.6672000	118836.5427122	0.0311569	0.0309835
66.8719000	3301364.55	0.0044142	27.0632000	121987.2206188	0.0401154	0.0399208
65.7812000	3330639.33	-0.0174550	26.9105000	123767.2779120	0.0480089	0.0478205
66.7692000	3216361.75	-0.0243488	26.1496000	122998.5067981	0.0517976	0.0516521
67.1781000	3063455.75	0.0116852	25.4280000	120475.6861994	0.0488569	0.0487954
71.7029000	3135896.63	0.0395015	26.0752000	120263.5696392	0.0376364	0.0376973
73.0781000	3393830.94	-0.0093844	28.1054000	120753.6962706	0.0181907	0.0184008
70.8483000	3330724.81	0.0096799	27.4525000	121326.8302152	-0.0075630	-0.0071977
74.7589000	3395836.92	0.0115037	27.8334000	122005.8245581	-0.0359788	-0.0354788
72.8892000	3474875.50	-0.0051930	28.5395000	121756.7057506	-0.0622594	-0.0616737
69.5706000	3438971.57	-0.0002935	28.1236000	122280.6316039	-0.0814132	-0.0808145
63.8923000	3436953.70	0.0166256	27.3476000	125676.6114569	-0.0894052	-0.0888780
72.9972000	3553168.47	-0.0579352	27.4909000	129248.8958913	-0.0842175	-0.0838422
80.5665000	3164007.74	-0.1030703	23.9261000	132240.8476109	-0.0665207	-0.0663552
83.9154000	2572721.32	0.0108037	20.1229000	127850.4252305	-0.0397296	-0.0397949
78.3896000	2628918.37	-0.0075091	21.2858000	123505.7349888	-0.0093723	-0.0096439
69.5881000	2589731.01	0.1092924	20.8016000	124496.7220013	0.0181025	0.0176920
74.5546000	3225265.68	0.0310716	24.8379000	129852.5913383	0.0367855	0.0363343
69.5138000	3432121.13	-0.0237622	26.5200000	129416.3323411	0.0426529	0.0422697
74.4225000	3272797.56	-0.0449750	25.3992000	128854.3559215	0.0344481	0.0342281
66.5973000	2991079.52	0.0124095	24.2526000	123330.2624098	0.0138793	0.0138831
68.8120000	3066248.13	0.0823535	24.4594000	125360.7254876	-0.0148877	-0.0146467
68.5532000	3616604.68	0.0079143	28.4821000	126978.1610261	-0.0462708	-0.0458278
71.0729000	3674307.10	-0.0349507	26.8985000	136598.9591159	-0.0745409	-0.0739708
83.0948000	3426141.79	-0.1054786	26.8209000	127741.4920973	-0.0949758	-0.0943735
82.3286000	2772335.01	-0.0720971	22.5166000	123124.0511753	-0.1046245	-0.1040820
76.5243000	2399463.32	0.1072534	19.9584000	120223.2304944	-0.1025466	-0.1021314
82.4933000	2976000.27	0.1007285	24.9218000	119413.5362408	-0.0895566	-0.0892984
75.6667000	3642691.21	-0.0393103	29.0721000	125298.5237328	-0.0676358	-0.0675245
67.1844000	3367132.67	-0.0970051	28.3821000	118635.7833995	-0.0392442	-0.0392382
68.1330000	2771640.64	0.0335178	23.9809000	115577.0066480	-0.0067473	-0.0067928
71.9609000	2963882.51	0.0662672	25.3679000	116835.9424747	0.0278926	0.0278411
72.8738000	3384576.87	0.0302658	28.1214000	120355.9165163	0.0631291	0.0630876
72.5538000	3595845.06	-0.0210276	30.6019000	117503.9804473	0.0976095	0.0975528
74.9870000	3447735.20	-0.0072947	30.0155000	114865.1597889	0.1298509	0.1297136
74.1647000	3397799.33	0.0524371	29.6476000	114606.2187626	0.1579658	0.1576562
72.1854000	3773860.27	0.0170966	31.5994000	119428.2254279	0.1795645	0.1789902
76.1843000	3905145.15	0.0076710	32.6945000	119443.4888965	0.1919093	0.1910077
80.3928000	3965521.17	0.0319120	33.1077000	119776.4014138	0.1923202	0.1910874
84.8352000	4226959.77	0.0930138	35.8655000	117855.8716974	0.1787643	0.1772714
89.2857000	5093931.55	0.0262557	41.4997000	122746.2258604	0.1505024	0.1488956
83.9229000	5368633.66	-0.0562036	45.8768000	117022.8451998	0.1086270	0.1071076
75.8473000	4797272.85	-0.0456201	48.2621000	99400.4166865	0.0563299	0.0551160
82.7518000	4378665.59	0.0877062	45.5714000	96083.6311926	-0.0012313	-0.0019496
83.0113000	5220579.21	0.2052027	46.7648000	111634.8023729	-0.0575142	-0.0576186
77.5381000	7916303.33	-0.0761032	55.4674000	142719.9278408	-0.1055647	-0.1050376
80.2717000	6796604.43	-0.1945885	51.7696000	131285.6276372	-0.1392139	-0.1381464
87.1457000	4582384.30	-0.0713968	40.3780000	113487.1538216	-0.1542498	-0.1528246
86.1377000	3971653.03	0.1108286	34.0744000	116558.2674779	-0.1492880	-0.1477406
79.9292000	4961727.24	0.0827809	36.9283000	134361.1062219	-0.1261077	-0.1246782
88.6755000	5857339.61	-0.0637592	46.0169000	127286.7056673	-0.0893413	-0.0882259
93.7714000	5155190.05	-0.0647934	43.5977000	118244.5415364	-0.0455551	-0.0448705
95.3921000	4527796.60	-0.0063159	35.4881000	127586.3344829	-0.0019155	-0.0016832
92.8328000	4470961.36	0.0577153	35.8348000	124765.9079652	0.0352475	0.0350951
85.2015000	5018657.98	0.0502531	45.8883000	109366.8316648	0.0616420	0.0612366
87.2882000	5549753.22	0.0005114	46.4844000	119389.5849302	0.0756881	0.0751880
89.3081000	5555432.97	0.0412580	44.8149000	123963.9711114	0.0785150	0.0780657
88.1533000	6033571.76	0.0090875	48.9418000	123280.5446041	0.0733048	0.0730092
87.1556000	6144237.33	0.0112709	49.0645000	125227.7579848	0.0641877	0.0640889
81.8661000	6284318.97	-0.1045246	48.0883000	130682.9096811	0.0549935	0.0550748
82.1485000	5094909.25	-0.0290903	49.0250000	103924.7169351	0.0481890	0.0483888
83.5135000	4806864.05	0.0143513	44.1298000	108925.5798653	0.0442571	0.0444945
81.7716000	4946842.32	0.0201552	40.6997000	121544.9333387	0.0416375	0.0418393
80.5189000	5150353.44	0.1012796	42.0771000	122402.7663025	0.0372025	0.0373253
82.6803000	6311172.27	-0.0296193	51.6394000	122216.2200479	0.0271255	0.0271671
73.3204000	5948061.93	-0.0328273	48.2963000	123157.7145377	0.0079370	0.0079351
73.7126000	5569956.17	-0.0100454	46.4702000	119860.8176186	-0.0224394	-0.0224203
76.6720000	5459163.99	-0.0386367	46.8292000	116576.0676328	-0.0638586	-0.0637469
77.8429000	5053008.31	-0.0520124	45.2793000	111596.4315925	-0.1134915	-0.1132278
83.1777000	4553357.97	0.0723134	41.4443000	109866.9291754	-0.1658546	-0.1654094
85.0657000	5263228.67	0.0263820	41.0945000	128076.2309727	-0.2134104	-0.2127911
77.2533000	5548462.23	-0.0025172	43.3083000	128115.4473920	-0.2477279	-0.2469780
69.8960000	5520599.17	-0.0562891	45.3833000	121643.8462811	-0.2610635	-0.2602553
74.4328000	4932219.56	-0.1012269	39.9203000	123551.6656000	-0.2480816	-0.2473047
86.3162000	4025461.29	-0.0449515	34.1973000	117712.8395280	-0.2073151	-0.2066638
89.3947000	3679128.14	-0.0710495	27.7024000	132809.0033880	-0.1419471	-0.1415087
89.2457000	3191008.19	-0.0249256	24.9608000	127840.7819765	-0.0596087	-0.0594550
99.4700000	3035801.43	0.1314547	26.0017000	116753.9597105	0.0288716	0.0286915
101.7910000	3954741.38	-0.0741935	29.2866000	135035.8655259	0.1115378	0.1110037
97.1888000	3408440.87	0.0006593	29.3992000	115936.5178003	0.1777085	0.1768324
98.2783000	3412938.37	0.1481768	30.5916000	111564.5590634	0.2200984	0.2189261
102.5997000	4600316.82	0.0862988	38.8563000	118393.0744787	0.2361033	0.2347119
110.1916000	5469314.27	-0.0077351	46.8735000	116682.4382429	0.2279311	0.2264218
104.6065000	5385352.39	-0.0321260	41.2008000	130709.8985299	0.2015882	0.2000739
101.7169000	5050102.90	-0.0273953	40.1465000	125791.8597572	0.1650627	0.1636546
109.1960000	4780783.08	0.0072842	42.5145000	112450.6482218	0.1262565	0.1250513
113.8057000	4850942.55	-0.0044807	41.6646000	116428.3959543	0.0912454	0.0903146
96.3215000	4807665.28	-0.0170007	44.1273000	108949.9081008	0.0632941	0.0626789
94.0110000	4646930.33	0.0211446	39.6734000	117129.6214956	0.0427819	0.0424933
92.3942000	4847690.16	-0.0179730	36.1755000	134004.7866510	0.0279026	0.0279247
78.9465000	4676511.31	0.0821223	41.6159000	112373.1868586	0.0157908	0.0160864
78.9850000	5513324.29	0.0700377	44.7441000	123219.0230457	0.0036574	0.0041744
82.0773000	6343767.59	-0.0752750	45.9913000	137934.0785452	-0.0104016	-0.0097261
86.6981000	5455571.77	-0.0510684	43.6371000	125021.4099164	-0.0270789	-0.0263127
86.9970000	4925430.79	0.0502851	41.3088000	119234.4196384	-0.0459658	-0.0451750
83.8211000	5447009.62	-0.0069448	43.1060000	126363.1423986	-0.0659091	-0.0651521
83.2670000	5371874.47	-0.0867401	40.6024000	132304.3582379	-0.0853913	-0.0847096
84.8111000	4514343.06	-0.0106736	34.9063000	129327.4584180	-0.1027700	-0.1021814
88.5456000	4418992.43	0.0701297	36.0687000	122515.9883365	-0.1163414	-0.1158380
89.3337000	5085542.61	0.0173553	42.5219000	119598.1978944	-0.1243129	-0.1238629
87.2625000	5265182.44	-0.0027346	41.4740000	126951.4017339	-0.1248268	-0.1243851
86.4787000	5236464.75	-0.0782414	39.5484000	132406.4879179	-0.1161611	-0.1156861
82.5698000	4476508.17	-0.0415406	34.9451000	128101.1691794	-0.0971345	-0.0966071
85.6930000	4119427.83	0.0037244	35.8286000	114975.9642747	-0.0676244	-0.0670632
84.8991000	4150227.07	-0.0147863	37.6155000	110332.8964151	-0.0290124	-0.0284795
83.2234000	4029282.44	0.0467136	39.8629000	101078.5076769	0.0156563	0.0160604
85.1089000	4424173.41	0.0368030	37.5707000	117755.9484417	0.0619419	0.0620962
87.7660000	4762261.74	-0.1381080	36.4644000	130600.3042987	0.1047202	0.1045110
85.8915000	3606472.65	-0.0275940	30.4937000	118269.4343291	0.1391855	0.1385347
82.4784000	3412783.12	0.1195923	27.3725000	124679.2625970	0.1618647	0.1607527
81.9733000	4339950.66	0.1276067	35.1993000	123296.5046674	0.1713200	0.1697961
83.1346000	5609577.59	-0.0130090	44.6091000	125749.6249517	0.1682863	0.1664657
87.8452000	5465501.78	-0.0606476	48.0886000	113654.8325467	0.1551620	0.1532091
90.7303000	4840469.13	-0.0053778	43.2281000	111975.0609144	0.1349938	0.1330993
88.2057000	4788685.06	-0.0336081	39.0444000	122647.1674023	0.1102962	0.1086539
85.2273000	4477273.99	-0.0303984	40.2198000	111320.1456068	0.0821354	0.0809224
78.6614000	4213100.19	0.0261829	36.8985000	114180.7984435	0.0498542	0.0492189
83.3323000	4439654.17	0.0061880	36.1557000	122792.6486497	0.0116063	0.0116590
82.0633000	4494941.46	-0.1049262	36.9962000	121497.3823389	-0.0344254	-0.0336191
70.9862000	3641242.75	0.0770242	32.0295000	113684.0334186	-0.0885257	-0.0869529
70.3954000	4248981.11	0.0431826	37.7717000	112491.1272623	-0.1482226	-0.1459321
67.0374000	4632506.79	-0.0071669	40.6729000	113896.6433520	-0.2078683	-0.2049802
69.4515000	4566577.72	-0.0372997	39.5683000	115410.0055858	-0.2593148	-0.2560219
66.6844000	4238163.18	-0.0486181	36.6535000	115627.7895204	-0.2936105	-0.2901671
67.3280000	3845166.95	-0.0148771	31.9791000	120239.9990381	-0.3032778	-0.2999758
69.3968000	3732434.29	-0.1469009	30.8155000	121121.9770983	-0.2844850	-0.2816184
69.4531000	2776296.02	-0.1612375	23.0251000	120576.9365259	-0.2384101	-0.2362330
72.1514000	2005320.37	-0.0227755	16.6596000	120370.2589164	-0.1713212	-0.1700111
68.8965000	1916010.25	0.0525880	15.9176000	120370.5486971	-0.0932953	-0.0929317
64.7150000	2128714.05	0.1313974	17.9196000	118792.4980162	-0.0159332	-0.0164929
64.6537000	2772754.04	0.0194292	23.3988000	118499.8394327	0.0502640	0.0488937
63.9436000	2882633.57	-0.0206448	24.6349000	117014.2183977	0.0981004	0.0960924
63.7247000	2766018.06	-0.0029288	24.1745000	114418.8324245	0.1248825	0.1224385
65.9584000	2749863.34	0.0151940	23.9955000	114599.1265255	0.1323642	0.1296891
63.1286000	2834715.31	0.0023892	24.2930000	116688.5652207	0.1255999	0.1228832
63.0540000	2848293.04	0.0024269	24.4972000	116270.1467097	0.1111631	0.1085718
72.5792000	2862151.56	-0.0266684	24.2207000	118169.6467082	0.0953252	0.0930036
75.4019000	2713458.83	-0.0835522	24.5412000	110567.4876303	0.0826898	0.0807623
79.7439000	2294991.95	0.0052939	24.4088000	94023.1372136	0.0755593	0.0741281
76.5059000	2319420.03	0.1535491	24.9391000	93003.3574212	0.0740172	0.0731557
77.2570000	3160921.74	0.0202751	26.3918000	119769.0852037	0.0765155	0.0762565
78.0257000	3291750.09	-0.0192448	25.1229000	131025.8802319	0.0806598	0.0809848
77.0537000	3167443.98	0.0424567	24.2522000	130604.3979725	0.0839288	0.0847618
73.4054000	3448327.59	-0.0092768	25.0541000	137635.2610528	0.0841804	0.0853909
71.9222000	3384936.81	-0.1779969	24.4320000	138545.2197743	0.0799251	0.0813431
79.5386000	2362000.08	0.0491602	23.0753000	102360.5363283	0.0704193	0.0718582
82.7879000	2606239.93	0.1969640	23.6068000	110402.0843914	0.0556481	0.0569328
78.0731000	3884726.71	0.0910660	29.3380000	132412.7995509	0.0362481	0.0372396
76.3599000	4663147.70	-0.0924416	37.8815000	123098.2853640	0.0133827	0.0139956
71.4683000	3873963.44	-0.1025952	32.8091000	118075.8826467	-0.0114214	-0.0112126
68.0103000	3153027.83	0.0056589	26.8585000	117394.0401394	-0.0364527	-0.0366170
71.4649000	3188916.22	0.0629902	26.8192000	118904.2262129	-0.0599619	-0.0604259
73.3051000	3617663.92	-0.0024650	29.4043000	123031.7987987	-0.0802335	-0.0808986
78.2314000	3599872.53	-0.0381735	28.5791000	125961.7177148	-0.0955800	-0.0963393
82.5901000	3335139.03	0.0047195	27.9514000	119319.2123023	-0.1043061	-0.1050598
85.1157000	3366768.38	0.0489234	32.9141000	102289.5469289	-0.1047397	-0.1054063
84.1139000	3713141.89	0.0377124	36.9054000	100612.4278483	-0.0954258	-0.0959461
83.2872000	4004180.57	-0.0568110	32.9677000	121457.6865712	-0.0755193	-0.0758596
84.0868000	3573675.00	-0.0665513	27.9644000	127793.7306952	-0.0453208	-0.0454721
86.5946000	3127690.20	0.0024717	27.7068000	112885.2916109	-0.0067900	-0.0067647
87.1831000	3143189.64	0.0567444	27.7929000	113093.2589632	0.0361817	0.0363574
84.5341000	3521365.58	-0.0085934	26.7272000	131752.1320789	0.0779471	0.0782405
86.3697000	3461360.20	0.0022494	26.5865000	130192.3983262	0.1118321	0.1122146
87.5495000	3476967.32	0.0367185	26.6456000	130489.3612024	0.1313679	0.1318231
84.7828000	3742038.55	0.0005401	28.5302000	131160.6140415	0.1318044	0.1323340
82.4838000	3746083.22	0.0288550	35.6505000	105077.9993990	0.1115427	0.1121671
78.9563000	3968693.23	0.0584056	41.7903000	94966.8518204	0.0730768	0.0738264
75.3685000	4461036.58	0.0828528	44.8257000	99519.6188001	0.0230913	0.0239914
76.9714000	5267034.04	-0.0634647	45.8499000	114875.5839988	-0.0284679	-0.0274136
79.3790000	4638389.76	-0.0331425	38.5350000	120368.2304907	-0.0702740	-0.0691006
73.2662000	4340796.66	0.0298624	38.1948000	113648.8908437	-0.0921078	-0.0908995
73.9347000	4608029.98	0.0091178	38.7110000	119036.7073494	-0.0873806	-0.0862711
81.2395000	4692833.21	-0.1128976	37.6086000	124780.8536258	-0.0550444	-0.0542019
84.4752000	3740706.52	-0.0709702	28.7844000	129956.0358731	-0.0003206	0.0000767
81.1945000	3244933.99	0.0041553	25.8214000	125668.3987961	0.0660501	0.0658482
79.4103000	3272013.82	0.0585082	26.7832000	122166.6499706	0.1299553	0.1290595
80.1299000	3678687.06	-0.0017144	27.9269000	131725.5787363	0.1769850	0.1753901
79.2582000	3666094.83	0.1467412	28.0806000	130556.1430582	0.1956812	0.1934869
80.9628000	4927065.86	0.1068117	38.1044000	129304.3812203	0.1801434	0.1775518
83.8638000	6105469.61	-0.0125793	49.0616000	124444.9754097	0.1313272	0.1286210
85.4127000	5953772.80	-0.0601493	47.9499000	124166.5321529	0.0567202	0.0542235
80.5942000	5278178.56	-0.0179090	41.9972000	125679.2965981	-0.0314825	-0.0334525
80.2879000	5092450.79	0.0243135	41.4333000	122907.1976913	-0.1191885	-0.1203709
81.5870000	5346252.66	-0.1341405	40.9956000	130410.4015336	-0.1934585	-0.1936885
84.4602000	4081595.92	-0.0988710	36.5131000	111784.4259702	-0.2450270	-0.2442573
82.7385000	3347112.23	0.1237869	34.3240000	97515.2148114	-0.2697139	-0.2680173
84.1789000	4292837.70	-0.0826624	34.1093000	125855.3443843	-0.2684684	-0.2660197
83.7882000	3637312.13	-0.0318819	32.3520000	112429.2819816	-0.2461631	-0.2432080
81.2784000	3412548.87	-0.0175318	30.5705000	111628.8207755	-0.2095735	-0.2063922
80.8207000	3294954.28	-0.0248490	30.3576000	108538.0360694	-0.1651751	-0.1620487
81.2242000	3135172.18	-0.0048768	28.7310000	109121.5821756	-0.1174068	-0.1145926
82.5912000	3104741.15	0.0528434	27.1527000	114343.7355641	-0.0678968	-0.0656143
84.4796000	3451178.49	0.1016943	28.1953000	122402.6164783	-0.0158534	-0.0142781
78.6131000	4232571.84	-0.0517433	34.1908000	123792.7115803	0.0405372	0.0412748
79.7548000	3816106.33	-0.0467020	30.4415000	125358.6825304	0.1021881	0.1020056
84.3303000	3475570.51	-0.0680629	26.0844000	133243.2608890	0.1673445	0.1662162
87.9975000	3032605.10	-0.0492915	25.8438000	117343.6220221	0.2306399	0.2286075
89.1614000	2747685.74	-0.0155086	25.5504000	107539.8327541	0.2834192	0.2806040
87.4322000	2663761.95	0.0623913	23.6598000	112585.9875480	0.3153880	0.3119955
82.4960000	3018271.41	0.2110913	25.9102000	116489.6993983	0.3172119	0.3135251
78.4219000	4633492.04	0.0518767	38.1196000	121551.4338815	0.2833505	0.2797050
75.5005000	5140536.71	-0.0000198	39.1987000	131140.4894950	0.2142810	0.2110238
75.8821000	5140333.33	0.0047609	39.4719000	130227.6640022	0.1173867	0.1148282
76.8498000	5189512.93	-0.0572007	41.2189000	125901.2959020	0.0061432	0.0045075
78.2121000	4627947.63	0.0479737	39.0453000	118527.6495374	-0.1022995	-0.1029113
86.5743000	5094362.71	-0.0059071	37.0486000	137504.8642346	-0.1905821	-0.1902070
84.4160000	5034530.33	-0.0609485	37.4415000	134463.9058538	-0.2447911	-0.2435944
83.9350000	4456091.46	-0.1132190	35.5601000	125311.5558557	-0.2573883	-0.2556301
81.7200000	3549685.61	-0.1030398	30.6433000	115838.8820158	-0.2286929	-0.2266783
79.8657000	2886502.10	-0.0576728	26.7028000	108097.3568034	-0.1665844	-0.1646073
83.0861000	2571711.80	0.0418925	24.6460000	104346.0113737	-0.0845649	-0.0828591
85.3476000	2796603.81	0.0430182	24.5850000	113752.4428337	0.0012661	0.0025600
89.1708000	3048029.15	0.1141632	27.8681000	109373.4106676	0.0755321	0.0763768
85.2487000	3833665.28	0.0414641	37.8806000	101203.9218544	0.1264101	0.1268618
79.3162000	4165337.06	0.0024095	41.2218000	101046.9474222	0.1473966	0.1475753
76.1330000	4185458.10	-0.0424588	41.5377000	100762.8757322	0.1377782	0.1378300
78.9258000	3844515.13	-0.0579683	39.3776000	97632.0326794	0.1019354	0.1019942
80.3995000	3423217.17	-0.0501112	36.3038000	94293.6322567	0.0478531	0.0480106
79.2955000	3096505.76	0.0050527	32.4411000	95450.0853324	-0.0146971	-0.0144064
77.6150000	3127956.29	0.0583116	31.9867000	97789.2777968	-0.0758974	-0.0754948
75.7168000	3515337.31	0.0657260	36.0179000	97599.7298439	-0.1272855	-0.1268343
74.8608000	4009944.07	-0.0668539	39.4862000	101553.0508060	-0.1627143	-0.1622968
72.9216000	3507381.76	-0.1307113	33.5070000	104676.0903062	-0.1788651	-0.1785584
71.0640000	2696468.50	-0.0238205	25.5636000	105480.7814016	-0.1753556	-0.1752124
71.9280000	2570994.88	-0.0257122	26.3039000	97741.9651218	-0.1544849	-0.1545229
74.6697000	2442097.27	-0.0001908	26.2492000	93035.1123818	-0.1206616	-0.1208629
75.4825000	2441165.62	-0.0106303	26.3413000	92674.4550279	-0.0795854	-0.0799047
72.7049000	2389810.68	0.0245044	25.2028000	94823.2210690	-0.0372952	-0.0376726
73.4163000	2509874.45	0.0392682	25.0938000	100019.7038817	0.0007644	0.0003900
75.3347000	2715047.65	0.0036840	26.0429000	104252.8924965	0.0304977	0.0301773
72.8253000	2735126.28	-0.0417625	26.6677000	102563.2610194	0.0496211	0.0493893
74.3889000	2515832.97	-0.0110756	26.2937000	95681.9684460	0.0577914	0.0576638
71.9828000	2460714.59	0.0101320	26.0585000	94430.4005454	0.0564334	0.0564093
71.9274000	2511088.87	0.0154060	26.1721000	95945.2574739	0.0483536	0.0484194
73.2861000	2589671.07	0.0278514	26.1491000	99034.8067732	0.0372319	0.0373657
74.0207000	2738055.97	0.0015632	26.5644000	103072.3815492	0.0270638	0.0272395
74.0088000	2746629.50	-0.0151300	25.6572000	107051.0226584	0.0215899	0.0217799
71.7452000	2664755.22	0.0078881	24.8336000	107304.4269514	0.0237369	0.0239145
72.4817000	2707129.18	0.0077277	25.1887000	107473.9536873	0.0351036	0.0352448
74.1762000	2749294.61	-0.0125099	25.6849000	107039.3348148	0.0555563	0.0556416
73.6774000	2681357.86	-0.0056043	24.9680000	107391.7759378	0.0830341	0.0830507
72.9260000	2651470.97	0.0395592	24.5982000	107791.2600691	0.1136625	0.1136059
69.5985000	2869891.55	0.0050624	26.4057000	108684.5474484	0.1422361	0.1421117
72.1169000	2899096.43	-0.0281727	26.9095000	107735.0536467	0.1630465	0.1628688
72.9899000	2740221.86	0.0104876	25.6188000	106961.3666240	0.1709310	0.1707214
70.5827000	2798308.02	0.1098641	26.1707000	106925.2261201	0.1623289	0.1621124
76.2052000	3489064.42	0.0235706	30.8942000	112935.9043568	0.1360998	0.1359003
76.3048000	3657513.42	0.0104164	32.5996000	112195.0398573	0.0938930	0.0937289
72.1206000	3734511.62	0.0164159	33.2199000	112417.9068235	0.0399563	0.0398378
69.8181000	3859168.68	-0.0608132	33.9904000	113537.0187450	-0.0195863	-0.0196582
70.5117000	3416699.63	0.0013419	30.2272000	113033.9440934	-0.0778247	-0.0778566
70.9257000	3425881.69	0.0166017	30.9069000	110845.2057786	-0.1282649	-0.1282679
67.8835000	3541552.93	-0.0664761	31.6578000	111869.8372070	-0.1658697	-0.1658560
69.5670000	3100045.43	-0.0157132	28.1158000	110259.9046472	-0.1877230	-0.1877025
71.6088000	3004129.21	-0.0170069	27.3988000	109644.5542839	-0.1932135	-0.1931922
69.2751000	2903656.31	-0.0084067	27.0225000	107453.2819993	-0.1837608	-0.1837403
66.6589000	2855242.73	-0.0183127	26.4038000	108137.5682889	-0.1622185	-0.1621976
69.5210000	2752549.06	0.0157663	24.8496000	110768.3446225	-0.1321477	-0.1321249
71.2612000	2840734.44	-0.0187818	24.6755000	115123.6831290	-0.0971525	-0.0971275
72.0359000	2735993.56	-0.0208963	23.8464000	114734.0293100	-0.0604179	-0.0603929
67.3322000	2623989.55	0.0102167	23.1867000	113167.8743565	-0.0245073	-0.0244870
69.8411000	2678160.28	0.0116199	23.4380000	114265.7341059	0.0086126	0.0086228
68.6175000	2741131.95	-0.0045492	23.8078000	115135.8776060	0.0374146	0.0374112
66.2426000	2716304.79	-0.0104861	23.4240000	115962.4652692	0.0606444	0.0606278
65.8365000	2659929.32	-0.0120451	22.7670000	116832.6664135	0.0772504	0.0772269
66.0307000	2596613.62	0.0413290	22.2428000	116739.5121222	0.0864623	0.0864444
68.6508000	2820497.47	0.0045801	24.0215000	117415.5429999	0.0880038	0.0880077
67.0503000	2846452.48	0.0081006	24.1957000	117642.9067209	0.0823498	0.0823929
67.8252000	2892944.86	0.0208470	24.7341000	116961.8002760	0.0709072	0.0710039
67.5750000	3016131.35	0.0011033	25.7967000	116919.2707511	0.0560008	0.0561570
66.2085000	3022794.00	0.0025910	25.8013000	117156.6548495	0.0405944	0.0408054
67.8950000	3038498.98	0.0276663	26.0939000	116444.8005068	0.0277659	0.0280152
67.1574000	3211411.02	0.0129080	27.6849000	115998.6497757	0.0200456	0.0203061
68.9098000	3295401.00	-0.0183599	28.3968000	116048.3225215	0.0187943	0.0190324
68.5901000	3176575.96	-0.0511675	27.3095000	116317.6168847	0.0238105	0.0239915
71.9649000	2867324.40	-0.0361605	24.6337000	116398.4458480	0.0333031	0.0333967
71.6041000	2667193.72	0.0565934	23.1438000	115244.4161199	0.0442670	0.0442526
70.3613000	2987194.76	0.0542130	26.2089000	113976.3499074	0.0531758	0.0530458
70.6214000	3329649.62	0.0088927	29.6173000	112422.4566106	0.0568143	0.0565740
73.5016000	3389400.45	-0.0131558	30.0691000	112720.3824377	0.0530339	0.0527008
73.4516000	3301378.02	0.0436263	29.2305000	112942.9197778	0.0412419	0.0408419
69.0535000	3602571.65	-0.0088858	32.1081000	112201.3340739	0.0225203	0.0220834
70.3861000	3539112.04	-0.0391491	31.7481000	111474.7665718	-0.0006259	-0.0010693
69.8530000	3272445.87	-0.0061716	29.0514000	112643.3104517	-0.0248054	-0.0252274
73.3389000	3232301.09	-0.0102405	27.4274000	117849.3437559	-0.0464306	-0.0468064
82.9993000	3166771.50	0.0095684	26.0783000	121433.2032379	-0.0624210	-0.0627274
87.0083000	3227959.01	0.0289169	26.0832000	123756.2496906	-0.0708043	-0.0710152
90.8053000	3420203.36	-0.0482142	27.1519000	125965.5257549	-0.0711248	-0.0712055
90.2501000	3105568.21	-0.0127806	26.3891000	117683.7484628	-0.0645885	-0.0644919
89.4479000	3027187.60	0.0050131	25.6081000	118212.1127223	-0.0538949	-0.0535594
90.1725000	3057691.80	-0.0286980	25.3109000	120805.3366966	-0.0427360	-0.0420908
87.7920000	2887088.49	-0.0616323	24.8341000	116255.0076845	-0.0350042	-0.0339831
73.2993000	2551872.94	0.0551328	22.6603000	112614.2612448	-0.0338325	-0.0323958
69.0828000	2849675.37	0.0365708	25.2245000	112972.5216935	-0.0406799	-0.0388390
67.5024000	3066017.07	-0.0045662	27.0794000	113223.2275187	-0.0547162	-0.0525581
67.1245000	3038144.46	-0.0128926	27.0239000	112424.3524638	-0.0727400	-0.0704404
65.5650000	2960802.51	0.0220097	26.3483000	112371.6715511	-0.0897380	-0.0875547
65.8867000	3094068.29	-0.0110146	27.5955000	112122.2042328	-0.1000143	-0.0982577
67.7048000	3026651.30	0.0048881	26.7661000	113077.7850776	-0.0986305	-0.0976142
66.7677000	3056385.82	-0.0447132	26.9035000	113605.5094128	-0.0827691	-0.0827469
69.4343000	2794762.48	-0.1419504	24.3985000	114546.4875465	-0.0526236	-0.0537299
71.0970000	2099955.14	-0.0706680	18.3484000	114448.9511898	-0.0115459	-0.0137549
71.7718000	1822745.70	0.1988998	15.8701000	114854.0778940	0.0346046	0.0314894
73.5813000	2727860.40	0.0926497	22.9137000	119049.3197522	0.0787330	0.0750533
76.6730000	3284944.97	-0.0364476	25.9736000	126472.4555639	0.1140532	0.1102374
81.7970000	3053908.79	-0.0581108	26.3749000	115788.4498705	0.1355030	0.1319903
79.9421000	2718471.44	0.0648921	24.1201000	112705.6455385	0.1406970	0.1378620
81.0602000	3095770.00	0.0526257	23.3639000	132502.2790392	0.1302485	0.1283420
82.3041000	3439703.75	-0.0299133	26.4172000	130206.9770107	0.1074659	0.1065843
84.5175000	3239894.97	0.0104826	29.2199000	110879.7420494	0.0775670	0.0776553
87.6543000	3308539.71	0.0040680	27.8318000	118876.2391362	0.0466249	0.0475060
91.9983000	3335568.04	0.0071918	26.3199000	126731.7899091	0.0204522	0.0218742
91.7363000	3383893.06	0.0441274	25.8166000	131074.3112700	0.0035931	0.0052809
88.9811000	3696324.92	0.0098890	27.7706000	133102.0906345	-0.0014556	0.0002455
92.7575000	3770160.87	-0.0701656	28.9482000	130238.1795828	0.0053000	0.0068155
93.8687000	3275778.12	0.0230000	26.7085000	122649.2733644	0.0212885	0.0224893
97.6861000	3430011.27	0.0069026	28.0625000	122227.5730738	0.0417530	0.0425805
90.6244000	3477692.36	-0.0193782	28.0326000	124058.8584848	0.0605685	0.0610263
84.6207000	3345471.94	0.0135997	27.2115000	122943.3120682	0.0714091	0.0715468
88.5255000	3437721.19	0.0482710	29.9178000	114905.5476398	0.0690781	0.0689749
95.3802000	3786438.43	0.0457338	33.4458000	113211.1784718	0.0507400	0.0504895
94.8286000	4149373.23	0.0298004	33.5115000	123819.3821908	0.0167679	0.0164651
88.3064000	4404275.02	-0.0125071	32.7697000	134400.8343604	-0.0290316	-0.0293006
87.6283000	4295466.82	-0.0236863	32.4483000	132378.7939762	-0.0799266	-0.0800913
90.9007000	4096687.67	0.0115800	32.1506000	127421.8107914	-0.1274435	-0.1274550
93.5126000	4192678.85	-0.0489905	33.0368000	126909.3511886	-0.1630026	-0.1628375
91.4203000	3801061.41	-0.0291812	32.4237000	117230.9578824	-0.1796572	-0.1793194
96.6657000	3585512.30	0.0045895	31.6486000	113291.3400100	-0.1735482	-0.1730684
95.5545000	3618575.39	-0.0056930	28.3815000	127497.6795422	-0.1447385	-0.1441713
84.4183000	3577607.70	-0.1054399	26.5505000	134747.2814736	-0.0972323	-0.0966486
85.7163000	2895123.38	0.0161157	24.9729000	115930.6039405	-0.0381662	-0.0376428
89.1152000	2989965.53	-0.0073149	24.8000000	120563.1262501	0.0236411	0.0240339
90.4273000	2946540.72	0.0941084	24.6794000	119392.7208646	0.0794424	0.0796533
90.2591000	3558742.46	0.0625105	29.7334000	119688.3793356	0.1222166	0.1222221
83.0394000	4033326.47	0.0004866	34.4751000	116992.4516470	0.1478538	0.1476622
81.3217000	4037253.29	-0.0435270	33.6455000	119993.8563146	0.1556302	0.1552810
88.8799000	3700453.82	0.0295326	31.8904000	116036.6072288	0.1479048	0.1474607
93.8464000	3925673.10	0.0306867	33.2278000	118144.2375739	0.1291668	0.1287038
92.3778000	4174232.38	0.0057447	33.7015000	123858.9494284	0.1047104	0.1043063
88.4219000	4222469.06	-0.0367449	33.1099000	127528.8980483	0.0792806	0.0790046
90.3190000	3923159.07	0.0192806	29.9390000	131038.4139110	0.0560181	0.0559225
97.5578000	4077414.74	-0.0485078	30.5316000	133547.3652440	0.0359324	0.0360485
98.7036000	3700142.38	0.0029334	28.3526000	130504.5174139	0.0179864	0.0183226
98.3041000	3721914.55	0.0329492	28.9658000	128493.4147125	-0.0002710	0.0002704
90.8780000	3975539.31	0.0068942	32.5803000	122022.7962988	-0.0217159	-0.0210054
80.8102000	4030736.47	0.0248336	35.7746000	112670.3434755	-0.0485657	-0.0477388
82.2603000	4236030.14	-0.0836699	36.0756000	117420.9199459	-0.0814701	-0.0805888
78.7111000	3581903.99	0.0360342	31.5190000	113642.6914680	-0.1189924	-0.1181162
77.1626000	3849695.50	0.0259505	32.8518000	117183.7006847	-0.1576058	-0.1567746
75.1061000	4054821.32	-0.0469460	34.8224000	116442.9022229	-0.1922065	-0.1914227
73.3605000	3691177.54	-0.0114601	31.4650000	117310.5844648	-0.2170393	-0.2162505
74.9838000	3607533.57	-0.0327849	29.6549000	121650.5053970	-0.2268360	-0.2259270
77.5828000	3378497.21	-0.0793763	27.1244000	124555.6477267	-0.2179247	-0.2167243
80.7825000	2881594.43	-0.0173901	23.9183000	120476.5570691	-0.1890758	-0.1873819
82.8807000	2783085.36	0.0172979	23.9691000	116111.3833278	-0.1418999	-0.1395262
84.7365000	2881063.39	0.0310899	24.0697000	119696.6885911	-0.0807130	-0.0775492
90.3822000	3065955.46	-0.0837915	23.6582000	129593.7753518	-0.0118892	-0.0079642
99.1529000	2591877.41	-0.0196848	23.7713000	109033.8942764	0.0571621	0.0616312
96.5070000	2491806.11	0.1271545	23.9787000	103917.4812065	0.1191841	0.1237731
94.4924000	3217809.41	-0.0272237	24.3398000	132203.6094229	0.1681850	0.1722878
88.6908000	3047250.99	0.0346018	24.0731000	126583.2398727	0.2002543	0.2031571
94.4690000	3265690.14	0.0596571	25.8594000	126286.3846860	0.2139447	0.2149400
97.3740000	3680053.10	0.0174897	31.8803000	115433.4526146	0.2101829	0.2087058
95.6610000	3811070.59	0.0394738	32.4175000	117562.1374678	0.1917858	0.1875406
94.0242000	4124310.58	-0.0693032	33.0222000	124895.0881260	0.1627359	0.1557865
92.8726000	3589704.57	0.0142480	29.0135000	123725.3198918	0.1274063	0.1182024
89.8809000	3693475.46	0.0657029	28.7868000	128304.4819322	0.0898978	0.0792276
